1
1
1
1
1
1
1
1
1
1
1
1
1
1
1
1
1
1
1
1
1
1
1
1
1
1
1
1
1
1
1
1
1
1
1
1
1
1
1
1
1
1
1
1
1
1
1
1
1
1
1
1
1
1
1
1
1
1
1
1
1
1
1
1
1
1
1
1
1
1
1
1
1
1
1
1
1
1
1
1
1
1
1
1
1
1
1
1
1
1
1
1
1
1
1
1
1
1
1
1
0.049146278
1
1
1
1
0.059195628
1
1
1
1
0.061427747
1
1
1
1
0.06444469
1
1
1
1
0.067952907
1
1
1
1
0.072068472
1
1
1
1
0.07594147
1
1
1
1
0.079969877
1
1
1
1
0.08450297
1
1
1
1
0.089610497
1
1
1
1
0.095423798
1
1
1
1
0.10213631
1
1
1
1
0.11002457
1
1
1
1
0.11947211
1
1
1
1
0.13118213
1
1
1
1
0.14606083
1
1
1
1
0.16519699
1
1
1
1
0.1921107
1
1
1
1
0.25
1
1
1
1
0.295
1
1
1
1
0.80
1
1
1
1
1
1
1
1
1
1
1
1
1
1
1
1
1
1
1
1
1
1
1
1
1
1
1
1
1
1
1
1
1
1
1
1
1
1
1
1
1
1
1
1
1
1
1
1
1
1
1
1
1
1
1
1
1
1
1
1
1
1
1
1
1
1
1
1
1
1
1
1
1
1
1
1
1
1
1
1
1
1
1
1
1
1
1
1
1
1
1
1
1
1
1
1
1
1
1
