1	8.82553
2	4.17177
3	3.3018
4	2.8465
5	2.5359
6	2.3125
7	2.1458
8	2.0174
9	1.9136
10	1.7399
11	1.69943
12	1.62809
13	1.5765
14	1.52492
15	1.47334
16	1.43546
17	1.39842
18	1.36137
19	1.32869
20	1.30315
21	1.2776
22	1.25206
23	1.2277
24	1.20462
25	1.18154
26	1.15845
27	1.1371
28	1.12046
29	1.10381
30	1.08716
31	1.07051
32	1.05631
33	1.04297
34	1.02963
35	1.01628
36	1.00294
37	0.99181
38	0.980906
39	0.970002
40	0.959098
41	0.948194
42	0.938745
43	0.92972
44	0.920695
45	0.911671
46	0.902646
47	0.894131
48	0.886562
49	0.878992
50	0.871423
51	0.863854
52	0.856285
53	0.84945
54	0.843029
55	0.836608
56	0.830187
57	0.823766
58	0.817345
59	0.811525
60	0.806027
61	0.800529
62	0.79503
63	0.789532
64	0.784034
65	0.778827
66	0.774075
67	0.769323
68	0.764571
69	0.759819
70	0.755068
71	0.750316
72	0.746094
73	0.741958
74	0.737822
75	0.733685
76	0.729549
77	0.725413
78	0.721366
79	0.718491
80	0.715616
81	0.712742
82	0.709867
83	0.706992
84	0.704117
85	0.701243
86	0.698368
87	0.695493
88	0.692618
89	0.689744
90	0.686869
91	0.683994
92	0.681119
93	0.678245
94	0.67537
95	0.672495
96	0.66962
97	0.666745
98	0.663871
99	0.660996
100	0.658121
101	0.655246
102	0.652372
103	0.649497
104	0.646622
105	0.643747
106	0.640873
107	0.637998
108	0.635123
109	0.632248
110	0.629374
111	0.626499
112	0.623624
113	0.620749
114	0.617875
115	0.615
116	0.61255
117	0.610854
118	0.609159
119	0.607464
120	0.605769
121	0.604073
122	0.602378
123	0.600683
124	0.598987
125	0.597292
126	0.595597
127	0.593901
128	0.592206
129	0.590511
130	0.588816
131	0.58712
132	0.585425
133	0.58373
134	0.582034
135	0.580339
136	0.578644
137	0.576949
138	0.575253
139	0.573558
140	0.571863
141	0.570167
142	0.568472
143	0.566777
144	0.565081
145	0.563386
146	0.561691
147	0.559996
148	0.5583
149	0.556605
150	0.55491
151	0.553214
152	0.551519
153	0.549824
154	0.548129
155	0.546433
156	0.544738
157	0.543043
158	0.541347
159	0.539652
160	0.538442
161	0.537347
162	0.536251
163	0.535155
164	0.534059
165	0.532964
166	0.531868
167	0.530772
168	0.529676
169	0.528581
170	0.527485
171	0.526389
172	0.525294
173	0.524198
174	0.523102
175	0.522006
176	0.520911
177	0.519815
178	0.518719
179	0.517623
180	0.516528
181	0.515432
182	0.514336
183	0.51324
184	0.512145
185	0.511049
186	0.509953
187	0.508857
188	0.507762
189	0.506666
190	0.50557
191	0.504474
192	0.503379
193	0.502283
194	0.501187
195	0.500091
196	0.498996
197	0.4979
198	0.496804
199	0.495708
200	0.494613
201	0.493517
202	0.492421
203	0.491325
204	0.49023
205	0.489134
206	0.488038
207	0.486942
208	0.485847
209	0.485067
210	0.484312
211	0.483556
212	0.482801
213	0.482045
214	0.48129
215	0.480534
216	0.479779
217	0.479024
218	0.478268
219	0.477513
220	0.476757
221	0.476002
222	0.475246
223	0.474491
224	0.473735
225	0.47298
226	0.472224
227	0.471469
228	0.470713
229	0.469958
230	0.469202
231	0.468447
232	0.467691
233	0.466936
234	0.46618
235	0.465425
236	0.464669
237	0.463914
238	0.463158
239	0.462403
240	0.461647
241	0.460892
242	0.460136
243	0.459381
244	0.458625
245	0.45787
246	0.457114
247	0.456359
248	0.455603
249	0.454848
250	0.454093
251	0.453337
252	0.452582
253	0.451826
254	0.451071
255	0.450315
256	0.44956
257	0.448804
258	0.448049
259	0.447293
260	0.446538
261	0.445782
262	0.445058
263	0.444511
264	0.443965
265	0.443418
266	0.442871
267	0.442325
268	0.441778
269	0.441231
270	0.440685
271	0.440138
272	0.439591
273	0.439045
274	0.438498
275	0.437951
276	0.437405
277	0.436858
278	0.436311
279	0.435765
280	0.435218
281	0.434671
282	0.434125
283	0.433578
284	0.433031
285	0.432485
286	0.431938
287	0.431391
288	0.430845
289	0.430298
290	0.429751
291	0.429205
292	0.428658
293	0.428111
294	0.427565
295	0.427018
296	0.426471
297	0.425925
298	0.425378
299	0.424831
300	0.424284
301	0.423738
302	0.423191
303	0.422644
304	0.422098
305	0.421551
306	0.421004
307	0.420458
308	0.419911
309	0.419364
310	0.418818
311	0.418271
312	0.417724
313	0.417178
314	0.416631
315	0.416084
316	0.415538
317	0.414991
318	0.414444
319	0.413898
320	0.413351
321	0.412923
322	0.412512
323	0.412101
324	0.411691
325	0.41128
326	0.41087
327	0.410459
328	0.410048
329	0.409638
330	0.409227
331	0.408816
332	0.408406
333	0.407995
334	0.407585
335	0.407174
336	0.406763
337	0.406353
338	0.405942
339	0.405531
340	0.405121
341	0.40471
342	0.404299
343	0.403889
344	0.403478
345	0.403068
346	0.402657
347	0.402246
348	0.401836
349	0.401425
350	0.401014
351	0.400604
352	0.400193
353	0.399782
354	0.399372
355	0.398961
356	0.398551
357	0.39814
358	0.397729
359	0.397319
360	0.396908
361	0.396497
362	0.396087
363	0.395676
364	0.395265
365	0.394855
366	0.394444
367	0.394034
368	0.393623
369	0.393212
370	0.392802
371	0.392391
372	0.39198
373	0.39157
374	0.391159
375	0.390749
376	0.390338
377	0.389927
378	0.389517
379	0.389106
380	0.388695
381	0.388285
382	0.387874
383	0.387503
384	0.387186
385	0.386868
386	0.38655
387	0.386233
388	0.385915
389	0.385597
390	0.38528
391	0.384962
392	0.384644
393	0.384326
394	0.384009
395	0.383691
396	0.383373
397	0.383056
398	0.382738
399	0.38242
400	0.382103
401	0.381785
402	0.381467
403	0.381149
404	0.380832
405	0.380514
406	0.380196
407	0.379879
408	0.379561
409	0.379243
410	0.378926
411	0.378608
412	0.37829
413	0.377973
414	0.377655
415	0.377337
416	0.377019
417	0.376702
418	0.376384
419	0.376066
420	0.375749
421	0.375431
422	0.375113
423	0.374796
424	0.374478
425	0.37416
426	0.373843
427	0.373525
428	0.373207
429	0.372889
430	0.372572
431	0.372254
432	0.371936
433	0.371619
434	0.371301
435	0.370983
436	0.370666
437	0.370348
438	0.37003
439	0.369712
440	0.369395
441	0.369077
442	0.368759
443	0.368442
444	0.368124
445	0.367806
446	0.367489
447	0.367171
448	0.366853
449	0.366542
450	0.366271
451	0.365999
452	0.365728
453	0.365456
454	0.365185
455	0.364914
456	0.364642
457	0.364371
458	0.364099
459	0.363828
460	0.363557
461	0.363285
462	0.363014
463	0.362742
464	0.362471
465	0.3622
466	0.361928
467	0.361657
468	0.361385
469	0.361114
470	0.360843
471	0.360571
472	0.3603
473	0.360029
474	0.359757
475	0.359486
476	0.359214
477	0.358943
478	0.358672
479	0.3584
480	0.358129
481	0.357857
482	0.357586
483	0.357315
484	0.357043
485	0.356772
486	0.3565
487	0.356229
488	0.355958
489	0.355686
490	0.355415
491	0.355143
492	0.354872
493	0.354601
494	0.354329
495	0.354058
496	0.353786
497	0.353515
498	0.353244
499	0.352972
