1	8.82553
2	12.9973
3	16.2991
4	19.1456
5	21.6815
6	23.994
7	26.1398
8	28.1572
9	30.0708
10	31.8107
11	33.5506
12	35.259
13	36.8099
14	38.3607
15	39.9116
16	41.3233
17	42.7266
18	44.1299
19	45.4878
20	46.7715
21	48.0552
22	49.3389
23	50.5753
24	51.7616
25	52.9478
26	54.134
27	55.2981
28	56.4021
29	57.5061
30	58.6101
31	59.7141
32	60.7664
33	61.8008
34	62.8351
35	63.8695
36	64.9038
37	65.8835
38	66.8576
39	67.8317
40	68.8058
41	69.7799
42	70.7135
43	71.6353
44	72.5572
45	73.479
46	74.4008
47	75.3065
48	76.1821
49	77.0578
50	77.9335
51	78.8091
52	79.6848
53	80.5344
54	81.3694
55	82.2044
56	83.0394
57	83.8744
58	84.7094
59	85.5206
60	86.3191
61	87.1175
62	87.916
63	88.7145
64	89.5129
65	90.2987
66	91.0646
67	91.8306
68	92.5965
69	93.3624
70	94.1284
71	94.8943
72	95.6347
73	96.3709
74	97.1072
75	97.8435
76	98.5797
77	99.316
78	100.047
79	100.71
80	101.373
81	102.036
82	102.699
83	103.362
84	104.025
85	104.688
86	105.351
87	106.013
88	106.676
89	107.339
90	108.002
91	108.665
92	109.328
93	109.991
94	110.654
95	111.317
96	111.98
97	112.643
98	113.306
99	113.969
100	114.632
101	115.295
102	115.958
103	116.62
104	117.283
105	117.946
106	118.609
107	119.272
108	119.935
109	120.598
110	121.261
111	121.924
112	122.587
113	123.25
114	123.913
115	124.576
116	125.207
117	125.781
118	126.355
119	126.929
120	127.503
121	128.077
122	128.651
123	129.225
124	129.799
125	130.373
126	130.947
127	131.521
128	132.095
129	132.669
130	133.243
131	133.817
132	134.392
133	134.966
134	135.54
135	136.114
136	136.688
137	137.262
138	137.836
139	138.41
140	138.984
141	139.558
142	140.132
143	140.706
144	141.28
145	141.854
146	142.428
147	143.002
148	143.576
149	144.15
150	144.724
151	145.299
152	145.873
153	146.447
154	147.021
155	147.595
156	148.169
157	148.743
158	149.317
159	149.891
160	150.414
161	150.926
162	151.437
163	151.949
164	152.46
165	152.972
166	153.483
167	153.994
168	154.506
169	155.017
170	155.529
171	156.04
172	156.552
173	157.063
174	157.575
175	158.086
176	158.598
177	159.109
178	159.62
179	160.132
180	160.643
181	161.155
182	161.666
183	162.178
184	162.689
185	163.201
186	163.712
187	164.224
188	164.735
189	165.247
190	165.758
191	166.269
192	166.781
193	167.292
194	167.804
195	168.315
196	168.827
197	169.338
198	169.85
199	170.361
200	170.873
201	171.384
202	171.895
203	172.407
204	172.918
205	173.43
206	173.941
207	174.453
208	174.964
209	175.432
210	175.897
211	176.362
212	176.827
213	177.292
214	177.757
215	178.221
216	178.686
217	179.151
218	179.616
219	180.081
220	180.546
221	181.011
222	181.475
223	181.94
224	182.405
225	182.87
226	183.335
227	183.8
228	184.265
229	184.729
230	185.194
231	185.659
232	186.124
233	186.589
234	187.054
235	187.519
236	187.983
237	188.448
238	188.913
239	189.378
240	189.843
241	190.308
242	190.773
243	191.237
244	191.702
245	192.167
246	192.632
247	193.097
248	193.562
249	194.027
250	194.491
251	194.956
252	195.421
253	195.886
254	196.351
255	196.816
256	197.281
257	197.745
258	198.21
259	198.675
260	199.14
261	199.605
262	200.064
263	200.493
264	200.922
265	201.351
266	201.78
267	202.209
268	202.638
269	203.067
270	203.496
271	203.925
272	204.354
273	204.783
274	205.212
275	205.641
276	206.07
277	206.499
278	206.928
279	207.357
280	207.786
281	208.215
282	208.644
283	209.073
284	209.502
285	209.931
286	210.359
287	210.788
288	211.217
289	211.646
290	212.075
291	212.504
292	212.933
293	213.362
294	213.791
295	214.22
296	214.649
297	215.078
298	215.507
299	215.936
300	216.365
301	216.794
302	217.223
303	217.652
304	218.081
305	218.51
306	218.939
307	219.368
308	219.797
309	220.226
310	220.655
311	221.084
312	221.513
313	221.941
314	222.37
315	222.799
316	223.228
317	223.657
318	224.086
319	224.515
320	224.944
321	225.348
322	225.749
323	226.149
324	226.549
325	226.95
326	227.35
327	227.751
328	228.151
329	228.551
330	228.952
331	229.352
332	229.753
333	230.153
334	230.553
335	230.954
336	231.354
337	231.754
338	232.155
339	232.555
340	232.956
341	233.356
342	233.756
343	234.157
344	234.557
345	234.958
346	235.358
347	235.758
348	236.159
349	236.559
350	236.959
351	237.36
352	237.76
353	238.161
354	238.561
355	238.961
356	239.362
357	239.762
358	240.163
359	240.563
360	240.963
361	241.364
362	241.764
363	242.164
364	242.565
365	242.965
366	243.366
367	243.766
368	244.166
369	244.567
370	244.967
371	245.368
372	245.768
373	246.168
374	246.569
375	246.969
376	247.369
377	247.77
378	248.17
379	248.571
380	248.971
381	249.371
382	249.772
383	250.162
384	250.539
385	250.916
386	251.294
387	251.671
388	252.048
389	252.425
390	252.802
391	253.179
392	253.556
393	253.933
394	254.311
395	254.688
396	255.065
397	255.442
398	255.819
399	256.196
400	256.573
401	256.951
402	257.328
403	257.705
404	258.082
405	258.459
406	258.836
407	259.213
408	259.59
409	259.968
410	260.345
411	260.722
412	261.099
413	261.476
414	261.853
415	262.23
416	262.607
417	262.985
418	263.362
419	263.739
420	264.116
421	264.493
422	264.87
423	265.247
424	265.625
425	266.002
426	266.379
427	266.756
428	267.133
429	267.51
430	267.887
431	268.264
432	268.642
433	269.019
434	269.396
435	269.773
436	270.15
437	270.527
438	270.904
439	271.281
440	271.659
441	272.036
442	272.413
443	272.79
444	273.167
445	273.544
446	273.921
447	274.299
448	274.676
449	275.054
450	275.439
451	275.825
452	276.21
453	276.596
454	276.981
455	277.367
456	277.753
457	278.138
458	278.524
459	278.909
460	279.295
461	279.68
462	280.066
463	280.451
464	280.837
465	281.222
466	281.608
467	281.993
468	282.379
469	282.764
470	283.15
471	283.535
472	283.921
473	284.306
474	284.692
475	285.077
476	285.463
477	285.848
478	286.234
479	286.619
480	287.005
481	287.39
482	287.776
483	288.161
484	288.547
485	288.932
486	289.318
487	289.703
488	290.089
489	290.474
490	290.86
491	291.245
492	291.631
493	292.016
494	292.402
495	292.787
496	293.173
497	293.558
498	293.944
499	294.329
